0 0.000000 536
4 133.333330 152
1 33.333330 136
2 66.666670 136
3 100.000000 136
8 266.666670 160
5 166.666670 136
6 200.000000 136
7 233.333330 136
12 400.000000 160
9 300.000000 136
10 333.333330 136
11 366.666670 136
16 533.333330 528
13 433.333330 136
14 466.666670 136
15 500.000000 136
20 666.666670 160
17 566.666670 136
18 600.000000 136
19 633.333330 136
24 800.000000 160
21 700.000000 136
22 733.333330 136
23 766.666670 136
28 933.333330 160
25 833.333330 136
26 866.666670 136
27 900.000000 136
32 1066.666670 528
29 966.666670 136
30 1000.000000 136
31 1033.333330 136
36 1200.000000 160
33 1100.000000 136
34 1133.333330 136
35 1166.666670 136
40 1333.333330 160
37 1233.333330 136
38 1266.666670 136
39 1300.000000 136
44 1466.666670 160
41 1366.666670 136
42 1400.000000 136
43 1433.333330 136
48 1600.000000 528
45 1500.000000 136
46 1533.333330 136
47 1566.666670 136
52 1733.333330 160
49 1633.333330 136
50 1666.666670 136
51 1700.000000 136
56 1866.666670 160
53 1766.666670 136
54 1800.000000 136
55 1833.333330 136
60 2000.000000 160
57 1900.000000 136
58 1933.333330 136
59 1966.666670 136
64 2133.333330 51024
61 2033.333330 448
62 2066.666670 1480
63 2100.000000 7888
68 2266.666670 126792
65 2166.666670 34656
66 2200.000000 34656
67 2233.333330 192
72 2400.000000 141592
69 2300.000000 41704
70 2333.333330 44288
71 2366.666670 224
76 2533.333330 133216
73 2433.333330 35208
74 2466.666670 35720
75 2500.000000 192
80 2666.666670 217848
77 2566.666670 46544
78 2600.000000 51360
79 2633.333330 47600
84 2800.000000 120248
81 2700.000000 41048
82 2733.333330 41048
83 2766.666670 50008
88 2933.333330 138176
85 2833.333330 208
86 2866.666670 57008
87 2900.000000 70192
92 3066.666670 143864
89 2966.666670 65360
90 3000.000000 70952
91 3033.333330 192
96 3200.000000 275664
93 3100.000000 59336
94 3133.333330 69752
95 3166.666670 64472
100 3333.333330 110856
97 3233.333330 68216
98 3266.666670 68216
99 3300.000000 59528
104 3466.666670 126984
101 3366.666670 50480
102 3400.000000 60456
103 3433.333330 672
108 3600.000000 121912
105 3500.000000 52792
106 3533.333330 54512
107 3566.666670 54512
112 3733.333330 280464
109 3633.333330 53240
110 3666.666670 59760
111 3700.000000 58024
116 3866.666670 102040
113 3766.666670 536
114 3800.000000 59072
115 3833.333330 55144
120 4000.000000 118976
117 3900.000000 56952
118 3933.333330 57944
119 3966.666670 57944
124 4133.333330 102936
121 4033.333330 57080
122 4066.666670 57080
123 4100.000000 55440
128 4266.666670 282208
125 4166.666670 49944
126 4200.000000 42680
127 4233.333330 744
132 4400.000000 96856
129 4300.000000 44416
130 4333.333330 48296
131 4366.666670 44416
136 4533.333330 104232
133 4433.333330 43280
134 4466.666670 43280
135 4500.000000 49872
140 4666.666670 85336
137 4566.666670 664
138 4600.000000 46640
139 4633.333330 46288
144 4800.000000 279104
141 4700.000000 50200
142 4733.333330 50048
143 4766.666670 50048
148 4933.333330 111496
145 4833.333330 47976
146 4866.666670 51296
147 4900.000000 52136
152 5066.666670 88720
149 4966.666670 720
150 5000.000000 39864
151 5033.333330 672
156 5200.000000 88608
153 5100.000000 46984
154 5133.333330 47456
155 5166.666670 51080
160 5333.333330 277000
157 5233.333330 59784
158 5266.666670 59784
159 5300.000000 51384
164 5466.666670 107496
161 5366.666670 43320
162 5400.000000 61688
163 5433.333330 520
168 5600.000000 90600
165 5500.000000 51776
166 5533.333330 53024
167 5566.666670 53024
172 5733.333330 96672
169 5633.333330 48976
170 5666.666670 55616
171 5700.000000 48496
176 5866.666670 275512
173 5766.666670 712
174 5800.000000 54576
175 5833.333330 49136
180 6000.000000 99032
177 5900.000000 47808
178 5933.333330 52136
179 5966.666670 52136
184 6133.333330 94736
181 6033.333330 49976
182 6066.666670 49976
183 6100.000000 42880
188 6266.666670 94200
185 6166.666670 49304
186 6200.000000 42064
187 6233.333330 568
192 6400.000000 278184
189 6300.000000 41152
190 6333.333330 43568
191 6366.666670 49784
196 6533.333330 93992
193 6433.333330 37824
194 6466.666670 44920
195 6500.000000 44920
200 6666.666670 86736
197 6566.666670 696
198 6600.000000 38952
199 6633.333330 39096
204 6800.000000 82864
201 6700.000000 48400
202 6733.333330 46680
203 6766.666670 46680
208 6933.333330 272376
205 6833.333330 48984
206 6866.666670 51528
207 6900.000000 38912
212 7066.666670 100056
209 6966.666670 41328
210 7000.000000 41328
211 7033.333330 640
216 7200.000000 89200
213 7100.000000 42848
214 7133.333330 45840
215 7166.666670 50336
220 7333.333330 88296
217 7233.333330 48448
218 7266.666670 48448
219 7300.000000 52008
224 7466.666670 273704
221 7366.666670 51696
222 7400.000000 52584
223 7433.333330 48360
228 7600.000000 89392
225 7500.000000 464
226 7533.333330 45904
227 7566.666670 45904
232 7733.333330 105544
229 7633.333330 49032
230 7666.666670 54992
231 7700.000000 55432
236 7866.666670 92584
233 7766.666670 600
234 7800.000000 57336
235 7833.333330 52816
240 8000.000000 279160
237 7900.000000 50608
238 7933.333330 49864
239 7966.666670 416
244 8133.333330 101000
241 8033.333330 48192
242 8066.666670 48192
243 8100.000000 43648
248 8266.666670 94936
245 8166.666670 45544
246 8200.000000 53448
247 8233.333330 408
252 8400.000000 101168
249 8300.000000 52728
250 8333.333330 67120
251 8366.666670 67192
256 8533.333330 275224
253 8433.333330 49944
254 8466.666670 53488
255 8500.000000 53488
260 8666.666670 110664
257 8566.666670 536
258 8600.000000 47200
259 8633.333330 54032
264 8800.000000 113912
261 8700.000000 51800
262 8733.333330 46048
263 8766.666670 46048
268 8933.333330 135024
265 8833.333330 45208
266 8866.666670 51440
267 8900.000000 48544
272 9066.666670 225792
269 8966.666670 39600
270 9000.000000 39600
271 9033.333330 464
276 9200.000000 145360
273 9100.000000 50360
274 9133.333330 60272
275 9166.666670 50784
280 9333.333330 131312
277 9233.333330 36048
278 9266.666670 36048
279 9300.000000 45376
284 9466.666670 122944
281 9366.666670 40344
282 9400.000000 36304
283 9433.333330 48144
288 9600.000000 99288
285 9500.000000 208
286 9533.333330 18792
287 9566.666670 18792
292 9733.333330 29208
289 9633.333330 21552
290 9666.666670 22944
291 9700.000000 13480
296 9866.666670 12040
293 9766.666670 1032
294 9800.000000 1504
295 9833.333330 1464
300 10000.000000 3216
297 9900.000000 1112
298 9933.333330 136
299 9966.666670 136
304 10133.333330 656
301 10033.333330 160
302 10066.666670 160
303 10100.000000 160
308 10266.666670 160
305 10166.666670 136
306 10200.000000 136
307 10233.333330 136
312 10400.000000 160
309 10300.000000 136
310 10333.333330 136
311 10366.666670 136
316 10533.333330 192
313 10433.333330 136
314 10466.666670 136
315 10500.000000 136
320 10666.666670 528
317 10566.666670 136
318 10600.000000 136
319 10633.333330 136
324 10800.000000 160
321 10700.000000 136
322 10733.333330 136
323 10766.666670 136
328 10933.333330 160
325 10833.333330 136
326 10866.666670 136
327 10900.000000 136
332 11066.666670 160
329 10966.666670 136
330 11000.000000 136
331 11033.333330 136
336 11200.000000 528
333 11100.000000 136
334 11133.333330 136
335 11166.666670 136
340 11333.333330 160
337 11233.333330 136
338 11266.666670 136
339 11300.000000 136
344 11466.666670 8120
341 11366.666670 464
342 11400.000000 616
343 11433.333330 1136
348 11600.000000 18352
345 11500.000000 232
346 11533.333330 3432
347 11566.666670 3432
352 11733.333330 177552
349 11633.333330 25688
350 11666.666670 45128
351 11700.000000 48920
356 11866.666670 90120
353 11766.666670 232
354 11800.000000 25456
355 11833.333330 29696
360 12000.000000 87376
357 11900.000000 26424
358 11933.333330 25928
359 11966.666670 208
364 12133.333330 81168
361 12033.333330 23728
362 12066.666670 23728
363 12100.000000 23936
368 12266.666670 202704
365 12166.666670 22104
366 12200.000000 22184
367 12233.333330 160
372 12400.000000 85464
369 12300.000000 31792
370 12333.333330 29648
371 12366.666670 30032
376 12533.333330 82488
373 12433.333330 22808
374 12466.666670 22704
375 12500.000000 22704
380 12666.666670 80160
377 12566.666670 184
378 12600.000000 23696
379 12633.333330 27056
384 12800.000000 201800
381 12700.000000 26256
382 12733.333330 23920
383 12766.666670 23920
388 12933.333330 91112
385 12833.333330 28360
386 12866.666670 23704
387 12900.000000 25824
392 13066.666670 76936
389 12966.666670 18704
390 13000.000000 18704
391 13033.333330 200
396 13200.000000 81992
393 13100.000000 28224
394 13133.333330 29944
395 13166.666670 29424
400 13333.333330 204640
397 13233.333330 24032
398 13266.666670 24032
399 13300.000000 23896
404 13466.666670 90312
401 13366.666670 21728
402 13400.000000 25240
403 13433.333330 29832
408 13600.000000 81056
405 13500.000000 224
406 13533.333330 20872
407 13566.666670 20872
412 13733.333330 81120
409 13633.333330 21952
410 13666.666670 29504
411 13700.000000 23800
416 13866.666670 204400
413 13766.666670 200
414 13800.000000 25896
415 13833.333330 25760
420 14000.000000 83680
417 13900.000000 28920
418 13933.333330 28952
419 13966.666670 224
424 14133.333330 80200
421 14033.333330 24960
422 14066.666670 24960
423 14100.000000 20616
428 14266.666670 79304
425 14166.666670 27936
426 14200.000000 27272
427 14233.333330 176
432 14400.000000 200256
429 14300.000000 29096
430 14333.333330 32800
431 14366.666670 30408
436 14533.333330 81552
433 14433.333330 27544
434 14466.666670 27232
435 14500.000000 27232
440 14666.666670 76832
437 14566.666670 192
438 14600.000000 21856
439 14633.333330 23064
444 14800.000000 79240
441 14700.000000 29176
442 14733.333330 26496
443 14766.666670 26496
448 14933.333330 203280
445 14833.333330 29992
446 14866.666670 28696
447 14900.000000 26064
452 15066.666670 68704
449 14966.666670 18960
450 15000.000000 18960
451 15033.333330 184
456 15200.000000 78928
453 15100.000000 22400
454 15133.333330 23752
455 15166.666670 23520
460 15333.333330 81416
457 15233.333330 21656
458 15266.666670 21656
459 15300.000000 25344
464 15466.666670 204656
461 15366.666670 30088
462 15400.000000 30872
463 15433.333330 30640
468 15600.000000 80232
465 15500.000000 160
466 15533.333330 25096
467 15566.666670 25096
472 15733.333330 86792
469 15633.333330 32008
470 15666.666670 32000
471 15700.000000 33856
476 15866.666670 87264
473 15766.666670 216
474 15800.000000 32432
475 15833.333330 34048
480 16000.000000 203760
477 15900.000000 31808
478 15933.333330 31680
479 15966.666670 160
484 16133.333330 83216
481 16033.333330 31080
482 16066.666670 31080
483 16100.000000 31104
488 16266.666670 85576
485 16166.666670 31584
486 16200.000000 28944
487 16233.333330 160
492 16400.000000 89752
489 16300.000000 38392
490 16333.333330 40328
491 16366.666670 35816
496 16533.333330 202280
493 16433.333330 29304
494 16466.666670 32624
495 16500.000000 32624
500 16666.666670 87256
497 16566.666670 160
498 16600.000000 25968
499 16633.333330 27832
504 16800.000000 85632
501 16700.000000 25480
502 16733.333330 33856
503 16766.666670 33856
508 16933.333330 95952
505 16833.333330 31664
506 16866.666670 32584
507 16900.000000 28608
512 17066.666670 201272
509 16966.666670 14408
510 17000.000000 14408
511 17033.333330 176
516 17200.000000 84744
513 17100.000000 25904
514 17133.333330 32480
515 17166.666670 23336
520 17333.333330 82792
517 17233.333330 27048
518 17266.666670 27048
519 17300.000000 27520
524 17466.666670 90112
521 17366.666670 29640
522 17400.000000 33016
523 17433.333330 28160
528 17600.000000 198400
525 17500.000000 216
526 17533.333330 27936
527 17566.666670 28336
532 17733.333330 80872
529 17633.333330 23384
530 17666.666670 27936
531 17700.000000 27936
536 17866.666670 85080
533 17766.666670 192
534 17800.000000 30168
535 17833.333330 28384
540 18000.000000 86456
537 17900.000000 28936
538 17933.333330 29312
539 17966.666670 176
544 18133.333330 194032
541 18033.333330 29160
542 18066.666670 27656
543 18100.000000 25624
548 18266.666670 75744
545 18166.666670 20896
546 18200.000000 20896
547 18233.333330 216
552 18400.000000 82032
549 18300.000000 28600
550 18333.333330 34408
551 18366.666670 27992
556 18533.333330 81992
553 18433.333330 23712
554 18466.666670 27224
555 18500.000000 27224
560 18666.666670 194824
557 18566.666670 24712
558 18600.000000 29392
559 18633.333330 24632
564 18800.000000 71848
561 18700.000000 216
562 18733.333330 19472
563 18766.666670 19472
568 18933.333330 87520
565 18833.333330 27024
566 18866.666670 31968
567 18900.000000 24416
572 19066.666670 76560
569 18966.666670 23200
570 19000.000000 23200
571 19033.333330 25392
576 19200.000000 196864
573 19100.000000 25176
574 19133.333330 27392
575 19166.666670 184
580 19333.333330 74912
577 19233.333330 24120
578 19266.666670 24120
579 19300.000000 24088
584 19466.666670 85480
581 19366.666670 28288
582 19400.000000 29592
583 19433.333330 25752
588 19600.000000 80560
585 19500.000000 200
586 19533.333330 30120
587 19566.666670 25248
592 19733.333330 190488
589 19633.333330 29056
590 19666.666670 29584
591 19700.000000 29584
596 19866.666670 78808
593 19766.666670 192
594 19800.000000 28056
595 19833.333330 28928
600 20000.000000 84640
597 19900.000000 25856
598 19933.333330 28216
599 19966.666670 184
604 20133.333330 82392
601 20033.333330 26336
602 20066.666670 28232
603 20100.000000 28368
608 20266.666670 195688
605 20166.666670 20232
606 20200.000000 20232
607 20233.333330 192
612 20400.000000 77552
609 20300.000000 28592
610 20333.333330 31208
611 20366.666670 30960
616 20533.333330 79168
613 20433.333330 27560
614 20466.666670 26720
615 20500.000000 26720
620 20666.666670 78656
617 20566.666670 24544
618 20600.000000 29064
619 20633.333330 22072
624 20800.000000 186896
621 20700.000000 880
622 20733.333330 18624
623 20766.666670 18624
628 20933.333330 89552
625 20833.333330 22552
626 20866.666670 23560
627 20900.000000 24224
632 21066.666670 76816
629 20966.666670 25320
630 21000.000000 25320
631 21033.333330 21512
636 21200.000000 126400
633 21100.000000 25160
634 21133.333330 28592
635 21166.666670 28592
640 21333.333330 204888
637 21233.333330 30992
638 21266.666670 30992
639 21300.000000 39384
644 21466.666670 170128
641 21366.666670 61328
642 21400.000000 48456
643 21433.333330 42672
648 21600.000000 138744
645 21500.000000 632
646 21533.333330 65016
647 21566.666670 95840
652 21733.333330 113448
649 21633.333330 47832
650 21666.666670 47832
651 21700.000000 58008
656 21866.666670 197888
653 21766.666670 208
654 21800.000000 32624
655 21833.333330 32464
660 22000.000000 104400
657 21900.000000 30032
658 21933.333330 28792
659 21966.666670 192
664 22133.333330 136048
661 22033.333330 28432
662 22066.666670 21928
663 22100.000000 30864
668 22266.666670 127832
665 22166.666670 3272
666 22200.000000 19704
667 22233.333330 3368
672 22400.000000 213600
669 22300.000000 25880
670 22333.333330 33152
671 22366.666670 32312
676 22533.333330 80704
673 22433.333330 22064
674 22466.666670 26784
675 22500.000000 26784
680 22666.666670 84208
677 22566.666670 28048
678 22600.000000 31200
679 22633.333330 23984
684 22800.000000 74648
681 22700.000000 248
682 22733.333330 21592
683 22766.666670 21592
688 22933.333330 215648
685 22833.333330 30400
686 22866.666670 33032
687 22900.000000 30232
692 23066.666670 77520
689 22966.666670 19696
690 23000.000000 19696
691 23033.333330 19560
696 23200.000000 82152
693 23100.000000 18616
694 23133.333330 27288
695 23166.666670 184
700 23333.333330 85728
697 23233.333330 26320
698 23266.666670 26320
699 23300.000000 22096
704 23466.666670 213512
701 23366.666670 24496
702 23400.000000 34256
703 23433.333330 28792
708 23600.000000 83912
705 23500.000000 192
706 23533.333330 29072
707 23566.666670 27648
712 23733.333330 83360
709 23633.333330 25720
710 23666.666670 22848
711 23700.000000 22848
716 23866.666670 84872
713 23766.666670 216
714 23800.000000 26640
715 23833.333330 22424
720 24000.000000 215376
717 23900.000000 24256
718 23933.333330 20312
719 23966.666670 216
724 24133.333330 84808
721 24033.333330 23800
722 24066.666670 25704
723 24100.000000 24704
728 24266.666670 75272
725 24166.666670 16424
726 24200.000000 16424
727 24233.333330 184
732 24400.000000 87168
729 24300.000000 35656
730 24333.333330 35808
731 24366.666670 29712
736 24533.333330 212488
733 24433.333330 21896
734 24466.666670 19856
735 24500.000000 19856
740 24666.666670 81712
737 24566.666670 27600
738 24600.000000 33240
739 24633.333330 27440
744 24800.000000 76368
741 24700.000000 208
742 24733.333330 14240
743 24766.666670 14240
748 24933.333330 122984
745 24833.333330 21384
746 24866.666670 30616
747 24900.000000 30120
752 25066.666670 239256
749 24966.666670 5808
750 25000.000000 5808
751 25033.333330 3664
756 25200.000000 29928
753 25100.000000 2864
754 25133.333330 3536
755 25166.666670 712
760 25333.333330 36880
757 25233.333330 13448
758 25266.666670 13448
759 25300.000000 13416
764 25466.666670 71936
761 25366.666670 8000
762 25400.000000 3792
763 25433.333330 1368
768 25600.000000 242200
765 25500.000000 2064
766 25533.333330 8744
767 25566.666670 17384
772 25733.333330 38328
769 25633.333330 9168
770 25666.666670 6672
771 25700.000000 6672
776 25866.666670 56592
773 25766.666670 568
774 25800.000000 12568
775 25833.333330 15488
780 26000.000000 50752
777 25900.000000 11832
778 25933.333330 12048
779 25966.666670 616
784 26133.333330 244008
781 26033.333330 13936
782 26066.666670 17864
783 26100.000000 21600
788 26266.666670 55304
785 26166.666670 7744
786 26200.000000 7744
787 26233.333330 648
792 26400.000000 49112
789 26300.000000 11376
790 26333.333330 14160
791 26366.666670 22744
796 26533.333330 75304
793 26433.333330 15856
794 26466.666670 16232
795 26500.000000 16232
800 26666.666670 244072
797 26566.666670 17424
798 26600.000000 6632
799 26633.333330 6952
804 26800.000000 21080
801 26700.000000 496
802 26733.333330 4872
803 26766.666670 4872
808 26933.333330 63328
805 26833.333330 16272
806 26866.666670 10320
807 26900.000000 2400
812 27066.666670 32656
809 26966.666670 7480
810 27000.000000 7480
811 27033.333330 17016
816 27200.000000 244544
813 27100.000000 5448
814 27133.333330 3024
815 27166.666670 360
820 27333.333330 30456
817 27233.333330 15928
818 27266.666670 15928
819 27300.000000 12656
824 27466.666670 66008
821 27366.666670 6200
822 27400.000000 26464
823 27433.333330 12600
828 27600.000000 40568
825 27500.000000 896
826 27533.333330 9136
827 27566.666670 9392
832 27733.333330 226344
829 27633.333330 19400
830 27666.666670 25856
831 27700.000000 25856
836 27866.666670 81392
833 27766.666670 248
834 27800.000000 19696
835 27833.333330 20136
840 28000.000000 104352
837 27900.000000 24664
838 27933.333330 24088
839 27966.666670 376
844 28133.333330 96160
841 28033.333330 21096
842 28066.666670 10248
843 28100.000000 14592
848 28266.666670 101304
845 28166.666670 9536
846 28200.000000 9536
847 28233.333330 576
852 28400.000000 70744
849 28300.000000 16856
850 28333.333330 11568
851 28366.666670 12624
856 28533.333330 37880
853 28433.333330 9848
854 28466.666670 8784
855 28500.000000 8784
860 28666.666670 2856
857 28566.666670 2816
858 28600.000000 872
859 28633.333330 872
864 28800.000000 1416
861 28700.000000 224
862 28733.333330 248
863 28766.666670 248
868 28933.333330 392
865 28833.333330 224
866 28866.666670 224
867 28900.000000 224
872 29066.666670 160
869 28966.666670 136
870 29000.000000 136
871 29033.333330 136
876 29200.000000 160
873 29100.000000 136
874 29133.333330 136
875 29166.666670 136
880 29333.333330 528
877 29233.333330 136
878 29266.666670 136
879 29300.000000 136
884 29466.666670 160
881 29366.666670 136
882 29400.000000 136
883 29433.333330 136
888 29600.000000 160
885 29500.000000 136
886 29533.333330 136
887 29566.666670 136
892 29733.333330 160
889 29633.333330 136
890 29666.666670 136
891 29700.000000 136
896 29866.666670 528
893 29766.666670 136
894 29800.000000 136
895 29833.333330 136
900 30000.000000 160
897 29900.000000 136
898 29933.333330 136
899 29966.666670 136
904 30133.333330 160
901 30033.333330 136
902 30066.666670 136
903 30100.000000 136
908 30266.666670 160
905 30166.666670 136
906 30200.000000 136
907 30233.333330 136
912 30400.000000 528
909 30300.000000 136
910 30333.333330 136
911 30366.666670 136
916 30533.333330 160
913 30433.333330 136
914 30466.666670 136
915 30500.000000 136
920 30666.666670 11048
917 30566.666670 288
918 30600.000000 392
919 30633.333330 392
924 30800.000000 167112
921 30700.000000 24464
922 30733.333330 25672
923 30766.666670 38048
928 30933.333330 289680
925 30833.333330 208
926 30866.666670 26752
927 30900.000000 78688
932 31066.666670 266216
929 30966.666670 208
930 31000.000000 48088
931 31033.333330 71416
936 31200.000000 269880
933 31100.000000 240
934 31133.333330 62904
935 31166.666670 86152
940 31333.333330 285024
937 31233.333330 103280
938 31266.666670 103280
939 31300.000000 127776
944 31466.666670 569856
941 31366.666670 127784
942 31400.000000 141832
943 31433.333330 138392
948 31600.000000 244328
945 31500.000000 208
946 31533.333330 148064
947 31566.666670 154136
952 31733.333330 236736
949 31633.333330 149128
950 31666.666670 132120
951 31700.000000 132120
956 31866.666670 235288
953 31766.666670 112832
954 31800.000000 112832
955 31833.333330 129328
960 32000.000000 623672
957 31900.000000 119144
958 31933.333330 157760
959 31966.666670 192
964 32133.333330 234904
961 32033.333330 125752
962 32066.666670 127848
963 32100.000000 110912
968 32266.666670 186312
965 32166.666670 126520
966 32200.000000 126520
967 32233.333330 138016
972 32400.000000 216904
969 32300.000000 168
970 32333.333330 97680
971 32366.666670 99568
976 32533.333330 634344
973 32433.333330 94064
974 32466.666670 93848
975 32500.000000 93848
980 32666.666670 198208
977 32566.666670 131552
978 32600.000000 118112
979 32633.333330 97728
984 32800.000000 174296
981 32700.000000 168
982 32733.333330 88168
983 32766.666670 168
988 32933.333330 239536
985 32833.333330 99040
986 32866.666670 97872
987 32900.000000 96056
992 33066.666670 633496
989 32966.666670 97488
990 33000.000000 97488
991 33033.333330 104104
996 33200.000000 199080
993 33100.000000 115368
994 33133.333330 74408
995 33166.666670 160
1000 33333.333330 179496
997 33233.333330 126424
998 33266.666670 138528
999 33300.000000 138528
1004 33466.666670 194192
1001 33366.666670 93760
1002 33400.000000 122704
1003 33433.333330 115088
1008 33600.000000 634128
1005 33500.000000 160
1006 33533.333330 108584
1007 33566.666670 93984
1012 33733.333330 205704
1009 33633.333330 99712
1010 33666.666670 101376
1011 33700.000000 101376
1016 33866.666670 217600
1013 33766.666670 88336
1014 33800.000000 88336
1015 33833.333330 103048
1020 34000.000000 196080
1017 33900.000000 124720
1018 33933.333330 95104
1019 33966.666670 192
1024 34133.333330 640448
1021 34033.333330 118024
1022 34066.666670 96392
1023 34100.000000 136352
1028 34266.666670 243656
1025 34166.666670 101688
1026 34200.000000 101688
1027 34233.333330 103600
1032 34400.000000 286752
1029 34300.000000 184
1030 34333.333330 146096
1031 34366.666670 147472
1036 34533.333330 234512
1033 34433.333330 117432
1034 34466.666670 148160
1035 34500.000000 148160
1040 34666.666670 653312
1037 34566.666670 148248
1038 34600.000000 147920
1039 34633.333330 141440
1044 34800.000000 195504
1041 34700.000000 160
1042 34733.333330 141224
1043 34766.666670 192
1048 34933.333330 220776
1045 34833.333330 113808
1046 34866.666670 149480
1047 34900.000000 117920
1052 35066.666670 221256
1049 34966.666670 94704
1050 35000.000000 94704
1051 35033.333330 100528
1056 35200.000000 655784
1053 35100.000000 103600
1054 35133.333330 116160
1055 35166.666670 160
1060 35333.333330 204088
1057 35233.333330 85432
1058 35266.666670 100064
1059 35300.000000 100064
1064 35466.666670 211624
1061 35366.666670 142432
1062 35400.000000 122760
1063 35433.333330 142864
1068 35600.000000 225080
1065 35500.000000 160
1066 35533.333330 92584
1067 35566.666670 133136
1072 35733.333330 650400
1069 35633.333330 84576
1070 35666.666670 98664
1071 35700.000000 98664
1076 35866.666670 218224
1073 35766.666670 121440
1074 35800.000000 121440
1075 35833.333330 108152
1080 36000.000000 210560
1077 35900.000000 94808
1078 35933.333330 84784
1079 35966.666670 176
1084 36133.333330 197632
1081 36033.333330 132416
1082 36066.666670 128864
1083 36100.000000 93584
1088 36266.666670 652240
1085 36166.666670 97456
1086 36200.000000 97456
1087 36233.333330 90296
1092 36400.000000 205592
1089 36300.000000 160
1090 36333.333330 87984
1091 36366.666670 91008
1096 36533.333330 260064
1093 36433.333330 116328
1094 36466.666670 117728
1095 36500.000000 117728
1100 36666.666670 197512
1097 36566.666670 138552
1098 36600.000000 109320
1099 36633.333330 116336
1104 36800.000000 651080
1101 36700.000000 208
1102 36733.333330 159208
1103 36766.666670 160
1108 36933.333330 227424
1105 36833.333330 114744
1106 36866.666670 110048
1107 36900.000000 108960
1112 37066.666670 231224
1109 36966.666670 79096
1110 37000.000000 79096
1111 37033.333330 104344
1116 37200.000000 209336
1113 37100.000000 137456
1114 37133.333330 111272
1115 37166.666670 192
1120 37333.333330 654464
1117 37233.333330 118880
1118 37266.666670 75056
1119 37300.000000 75056
1124 37466.666670 241720
1121 37366.666670 149176
1122 37400.000000 124072
1123 37433.333330 130032
1128 37600.000000 241824
1125 37500.000000 168
1126 37533.333330 120584
1127 37566.666670 115040
1132 37733.333330 202864
1129 37633.333330 97000
1130 37666.666670 132504
1131 37700.000000 132504
1136 37866.666670 650104
1133 37766.666670 91648
1134 37800.000000 91648
1135 37833.333330 80768
1140 38000.000000 221616
1137 37900.000000 136760
1138 37933.333330 130016
1139 37966.666670 176
1144 38133.333330 203416
1141 38033.333330 112968
1142 38066.666670 100944
1143 38100.000000 146392
1148 38266.666670 230944
1145 38166.666670 96224
1146 38200.000000 96224
1147 38233.333330 142048
1152 38400.000000 654120
1149 38300.000000 184
1150 38333.333330 95872
1151 38366.666670 120248
1156 38533.333330 263296
1153 38433.333330 117560
1154 38466.666670 106008
1155 38500.000000 106008
1160 38666.666670 241328
1157 38566.666670 134160
1158 38600.000000 106704
1159 38633.333330 112440
1164 38800.000000 185248
1161 38700.000000 192
1162 38733.333330 74360
1163 38766.666670 184
1168 38933.333330 635712
1165 38833.333330 86432
1166 38866.666670 121096
1167 38900.000000 110104
1172 39066.666670 210608
1169 38966.666670 93928
1170 39000.000000 93928
1171 39033.333330 89296
1176 39200.000000 201384
1173 39100.000000 102192
1174 39133.333330 105192
1175 39166.666670 176
1180 39333.333330 206536
1177 39233.333330 90944
1178 39266.666670 105280
1179 39300.000000 105280
1184 39466.666670 642296
1181 39366.666670 111288
1182 39400.000000 95304
1183 39433.333330 74840
1188 39600.000000 222032
1185 39500.000000 168
1186 39533.333330 145744
1187 39566.666670 99256
1192 39733.333330 211832
1189 39633.333330 104704
1190 39666.666670 99792
1191 39700.000000 99792
1196 39866.666670 192000
1193 39766.666670 77568
1194 39800.000000 77568
1195 39833.333330 77408
1200 40000.000000 643864
1197 39900.000000 121112
1198 39933.333330 92640
1199 39966.666670 160
1204 40133.333330 170704
1201 40033.333330 97232
1202 40066.666670 95736
1203 40100.000000 119624
1208 40266.666670 275512
1205 40166.666670 165008
1206 40200.000000 165008
1207 40233.333330 172024
1212 40400.000000 201096
1209 40300.000000 176
1210 40333.333330 85440
1211 40366.666670 160
1216 40533.333330 657824
1213 40433.333330 127160
1214 40466.666670 105064
1215 40500.000000 114448
1220 40666.666670 193560
1217 40566.666670 86344
1218 40600.000000 86344
1219 40633.333330 101192
1224 40800.000000 210480
1221 40700.000000 113464
1222 40733.333330 128160
1223 40766.666670 138616
1228 40933.333330 204288
1225 40833.333330 160
1226 40866.666670 129616
1227 40900.000000 123640
1232 41066.666670 656792
1229 40966.666670 128720
1230 41000.000000 109264
1231 41033.333330 109264
1236 41200.000000 213344
1233 41100.000000 115856
1234 41133.333330 115856
1235 41166.666670 87768
1240 41333.333330 226760
1237 41233.333330 114936
1238 41266.666670 158808
1239 41300.000000 160
1244 41466.666670 213744
1241 41366.666670 114888
1242 41400.000000 111128
1243 41433.333330 127248
1248 41600.000000 651832
1245 41500.000000 92608
1246 41533.333330 92608
1247 41566.666670 106568
1252 41733.333330 199048
1249 41633.333330 160
1250 41666.666670 143136
1251 41700.000000 139088
1256 41866.666670 213520
1253 41766.666670 92424
1254 41800.000000 102816
1255 41833.333330 102816
1260 42000.000000 234216
1257 41900.000000 118000
1258 41933.333330 105040
1259 41966.666670 89072
1264 42133.333330 654672
1261 42033.333330 224
1262 42066.666670 131432
1263 42100.000000 160
1268 42266.666670 244472
1265 42166.666670 116064
1266 42200.000000 95816
1267 42233.333330 94488
1272 42400.000000 221984
1269 42300.000000 71552
1270 42333.333330 71552
1271 42366.666670 109816
1276 42533.333330 269080
1273 42433.333330 111216
1274 42466.666670 117480
1275 42500.000000 168
1280 42666.666670 648920
1277 42566.666670 115904
1278 42600.000000 117144
1279 42633.333330 117144
1284 42800.000000 247752
1281 42700.000000 88208
1282 42733.333330 104856
1283 42766.666670 103024
1288 42933.333330 216656
1285 42833.333330 160
1286 42866.666670 100672
1287 42900.000000 85976
1292 43066.666670 211760
1289 42966.666670 138256
1290 43000.000000 156400
1291 43033.333330 156400
1296 43200.000000 648432
1293 43100.000000 123104
1294 43133.333330 123104
1295 43166.666670 113928
1300 43333.333330 182880
1297 43233.333330 151592
1298 43266.666670 100424
1299 43300.000000 160
1304 43466.666670 224904
1301 43366.666670 122840
1302 43400.000000 121072
1303 43433.333330 103320
1308 43600.000000 200088
1305 43500.000000 107968
1306 43533.333330 107968
1307 43566.666670 111488
1312 43733.333330 648120
1309 43633.333330 160
1310 43666.666670 145688
1311 43700.000000 129480
1316 43866.666670 194584
1313 43766.666670 92976
1314 43800.000000 95368
1315 43833.333330 95368
1320 44000.000000 219576
1317 43900.000000 129824
1318 43933.333330 132128
1319 43966.666670 118776
1324 44133.333330 188456
1321 44033.333330 184
1322 44066.666670 121456
1323 44100.000000 168
1328 44266.666670 632608
1325 44166.666670 144288
1326 44200.000000 127016
1327 44233.333330 96984
1332 44400.000000 228272
1329 44300.000000 96240
1330 44333.333330 96240
1331 44366.666670 101584
1336 44533.333330 241456
1333 44433.333330 129136
1334 44466.666670 129136
1335 44500.000000 115360
1340 44666.666670 203320
1337 44566.666670 145432
1338 44600.000000 76600
1339 44633.333330 160
1344 44800.000000 643776
1341 44700.000000 75528
1342 44733.333330 111352
1343 44766.666670 101736
1348 44933.333330 292424
1345 44833.333330 192
1346 44866.666670 117472
1347 44900.000000 112352
1352 45066.666670 195216
1349 44966.666670 57672
1350 45000.000000 57672
1351 45033.333330 96192
1356 45200.000000 192376
1353 45100.000000 87640
1354 45133.333330 78312
1355 45166.666670 176
1360 45333.333330 635968
1357 45233.333330 126016
1358 45266.666670 102048
1359 45300.000000 102048
1364 45466.666670 222912
1361 45366.666670 79128
1362 45400.000000 131736
1363 45433.333330 99256
1368 45600.000000 224096
1365 45500.000000 176
1366 45533.333330 126896
1367 45566.666670 113232
1372 45733.333330 194768
1369 45633.333330 139248
1370 45666.666670 91560
1371 45700.000000 91560
1376 45866.666670 629392
1373 45766.666670 90080
1374 45800.000000 90080
1375 45833.333330 89856
1380 46000.000000 262232
1377 45900.000000 112336
1378 45933.333330 95768
1379 45966.666670 160
1384 46133.333330 264016
1381 46033.333330 155840
1382 46066.666670 141256
1383 46100.000000 123672
1388 46266.666670 247696
1385 46166.666670 122784
1386 46200.000000 122784
1387 46233.333330 135352
1392 46400.000000 620144
1389 46300.000000 160
1390 46333.333330 151960
1391 46366.666670 152072
1396 46533.333330 290536
1393 46433.333330 151800
1394 46466.666670 168088
1395 46500.000000 168088
1400 46666.666670 324208
1397 46566.666670 192136
1398 46600.000000 191232
1399 46633.333330 177528
1404 46800.000000 297464
1401 46700.000000 160
1402 46733.333330 177312
1403 46766.666670 160
1408 46933.333330 625840
1405 46833.333330 211200
1406 46866.666670 210536
1407 46900.000000 205408
1412 47066.666670 297560
1409 46966.666670 181104
1410 47000.000000 181104
1411 47033.333330 189144
1416 47200.000000 303240
1413 47100.000000 171728
1414 47133.333330 186760
1415 47166.666670 176
1420 47333.333330 306656
1417 47233.333330 212536
1418 47266.666670 210816
1419 47300.000000 210816
1424 47466.666670 614032
1421 47366.666670 200640
1422 47400.000000 215864
1423 47433.333330 218232
1428 47600.000000 315128
1425 47500.000000 160
1426 47533.333330 202392
1427 47566.666670 210408
1432 47733.333330 305752
1429 47633.333330 205296
1430 47666.666670 212448
1431 47700.000000 212448
1436 47866.666670 310824
1433 47766.666670 212304
1434 47800.000000 212304
1435 47833.333330 225144
1440 48000.000000 612000
1437 47900.000000 215728
1438 47933.333330 218528
1439 47966.666670 192
1444 48133.333330 330800
1441 48033.333330 210408
1442 48066.666670 227320
1443 48100.000000 220840
1448 48266.666670 311920
1445 48166.666670 226640
1446 48200.000000 226640
1447 48233.333330 224488
1452 48400.000000 320656
1449 48300.000000 160
1450 48333.333330 229472
1451 48366.666670 222304
1456 48533.333330 610872
1453 48433.333330 220240
1454 48466.666670 210624
1455 48500.000000 210624
1460 48666.666670 325128
1457 48566.666670 225168
1458 48600.000000 203784
1459 48633.333330 231408
1464 48800.000000 301880
1461 48700.000000 160
1462 48733.333330 222880
1463 48766.666670 168
1468 48933.333330 370112
1465 48833.333330 229280
1466 48866.666670 210768
1467 48900.000000 235648
1472 49066.666670 603264
1469 48966.666670 206816
1470 49000.000000 206816
1471 49033.333330 206200
1476 49200.000000 294808
1473 49100.000000 204680
1474 49133.333330 220240
1475 49166.666670 168
1480 49333.333330 311912
1477 49233.333330 205392
1478 49266.666670 217704
1479 49300.000000 217704
1484 49466.666670 340648
1481 49366.666670 213344
1482 49400.000000 212872
1483 49433.333330 223584
1488 49600.000000 605568
1485 49500.000000 168
1486 49533.333330 219000
1487 49566.666670 216840
1492 49733.333330 329144
1489 49633.333330 226040
1490 49666.666670 229208
1491 49700.000000 229208
1496 49866.666670 341464
1493 49766.666670 224000
1494 49800.000000 224000
1495 49833.333330 220744
1500 50000.000000 338168
1497 49900.000000 207240
1498 49933.333330 210112
1499 49966.666670 168
1504 50133.333330 592072
1501 50033.333330 220112
1502 50066.666670 213920
1503 50100.000000 229064
1508 50266.666670 328192
1505 50166.666670 221432
1506 50200.000000 221432
1507 50233.333330 232528
1512 50400.000000 332512
1509 50300.000000 160
1510 50333.333330 229464
1511 50366.666670 222848
1516 50533.333330 339136
1513 50433.333330 215168
1514 50466.666670 213936
1515 50500.000000 213936
1520 50666.666670 583592
1517 50566.666670 232232
1518 50600.000000 221240
1519 50633.333330 232376
1524 50800.000000 314840
1521 50700.000000 176
1522 50733.333330 223000
1523 50766.666670 176
1528 50933.333330 348120
1525 50833.333330 229136
1526 50866.666670 202144
1527 50900.000000 225224
1532 51066.666670 299552
1529 50966.666670 209184
1530 51000.000000 209184
1531 51033.333330 209760
1536 51200.000000 576992
1533 51100.000000 204360
1534 51133.333330 208920
1535 51166.666670 192
1540 51333.333330 304232
1537 51233.333330 219960
1538 51266.666670 213792
1539 51300.000000 213792
1544 51466.666670 343096
1541 51366.666670 218128
1542 51400.000000 197192
1543 51433.333330 225816
1548 51600.000000 311304
1545 51500.000000 208
1546 51533.333330 201456
1547 51566.666670 209512
1552 51733.333330 569024
1549 51633.333330 202296
1550 51666.666670 200208
1551 51700.000000 200208
1556 51866.666670 304424
1553 51766.666670 209632
1554 51800.000000 209632
1555 51833.333330 200776
1560 52000.000000 318416
1557 51900.000000 195632
1558 51933.333330 193440
1559 51966.666670 192
1564 52133.333330 316448
1561 52033.333330 197192
1562 52066.666670 201928
1563 52100.000000 205584
1568 52266.666670 560232
1565 52166.666670 202616
1566 52200.000000 202616
1567 52233.333330 193528
1572 52400.000000 311456
1569 52300.000000 208
1570 52333.333330 209872
1571 52366.666670 198272
1576 52533.333330 306848
1573 52433.333330 206400
1574 52466.666670 208744
1575 52500.000000 208744
1580 52666.666670 320784
1577 52566.666670 204632
1578 52600.000000 201688
1579 52633.333330 204784
1584 52800.000000 548672
1581 52700.000000 176
1582 52733.333330 201000
1583 52766.666670 176
1588 52933.333330 324928
1585 52833.333330 196520
1586 52866.666670 201640
1587 52900.000000 184744
1592 53066.666670 280392
1589 52966.666670 193880
1590 53000.000000 193880
1591 53033.333330 192184
1596 53200.000000 282584
1593 53100.000000 189616
1594 53133.333330 201384
1595 53166.666670 160
1600 53333.333330 535784
1597 53233.333330 199096
1598 53266.666670 199136
1599 53300.000000 199136
1604 53466.666670 321848
1601 53366.666670 184064
1602 53400.000000 195392
1603 53433.333330 204648
1608 53600.000000 329968
1605 53500.000000 192
1606 53533.333330 194168
1607 53566.666670 197248
1612 53733.333330 268592
1609 53633.333330 175848
1610 53666.666670 184096
1611 53700.000000 184096
1616 53866.666670 519200
1613 53766.666670 180520
1614 53800.000000 180520
1615 53833.333330 181144
1620 54000.000000 268440
1617 53900.000000 181768
1618 53933.333330 186432
1619 53966.666670 160
1624 54133.333330 284624
1621 54033.333330 177280
1622 54066.666670 180872
1623 54100.000000 179032
1628 54266.666670 312960
1625 54166.666670 188584
1626 54200.000000 188584
1627 54233.333330 181656
1632 54400.000000 527024
1629 54300.000000 216
1630 54333.333330 190352
1631 54366.666670 188184
1636 54533.333330 288696
1633 54433.333330 182160
1634 54466.666670 188728
1635 54500.000000 188728
1640 54666.666670 290448
1637 54566.666670 184616
1638 54600.000000 195008
1639 54633.333330 174744
1644 54800.000000 285080
1641 54700.000000 168
1642 54733.333330 169600
1643 54766.666670 168
1648 54933.333330 525200
1645 54833.333330 185960
1646 54866.666670 188944
1647 54900.000000 176576
1652 55066.666670 263656
1649 54966.666670 187984
1650 55000.000000 187984
1651 55033.333330 176688
1656 55200.000000 276848
1653 55100.000000 167664
1654 55133.333330 173800
1655 55166.666670 200
1660 55333.333330 278584
1657 55233.333330 180048
1658 55266.666670 186680
1659 55300.000000 186680
1664 55466.666670 494368
1661 55366.666670 179976
1662 55400.000000 175544
1663 55433.333330 188328
1668 55600.000000 277024
1665 55500.000000 176
1666 55533.333330 176776
1667 55566.666670 175120
1672 55733.333330 273592
1669 55633.333330 170328
1670 55666.666670 170488
1671 55700.000000 170488
1676 55866.666670 270536
1673 55766.666670 175912
1674 55800.000000 175912
1675 55833.333330 176080
1680 56000.000000 472616
1677 55900.000000 173520
1678 55933.333330 177576
1679 55966.666670 176
1684 56133.333330 262696
1681 56033.333330 167104
1682 56066.666670 178288
1683 56100.000000 171264
1688 56266.666670 261760
1685 56166.666670 157408
1686 56200.000000 157408
1687 56233.333330 170336
1692 56400.000000 269376
1689 56300.000000 168
1690 56333.333330 163248
1691 56366.666670 160248
1696 56533.333330 466768
1693 56433.333330 150232
1694 56466.666670 160176
1695 56500.000000 160176
1700 56666.666670 265840
1697 56566.666670 159712
1698 56600.000000 156312
1699 56633.333330 166192
1704 56800.000000 241880
1701 56700.000000 160
1702 56733.333330 164072
1703 56766.666670 160
1708 56933.333330 276968
1705 56833.333330 164600
1706 56866.666670 158056
1707 56900.000000 156496
1712 57066.666670 459072
1709 56966.666670 157376
1710 57000.000000 157376
1711 57033.333330 153816
1716 57200.000000 237224
1713 57100.000000 156880
1714 57133.333330 162984
1715 57166.666670 200
1720 57333.333330 248800
1717 57233.333330 159288
1718 57266.666670 158736
1719 57300.000000 158736
1724 57466.666670 274416
1721 57366.666670 155184
1722 57400.000000 164800
1723 57433.333330 165656
1728 57600.000000 439928
1725 57500.000000 192
1726 57533.333330 153824
1727 57566.666670 155736
1732 57733.333330 252840
1729 57633.333330 155208
1730 57666.666670 155272
1731 57700.000000 155272
1736 57866.666670 246112
1733 57766.666670 153184
1734 57800.000000 153184
1735 57833.333330 144632
1740 58000.000000 233024
1737 57900.000000 151416
1738 57933.333330 151736
1739 57966.666670 176
1744 58133.333330 431176
1741 58033.333330 145856
1742 58066.666670 159016
1743 58100.000000 147872
1748 58266.666670 238152
1745 58166.666670 141208
1746 58200.000000 141208
1747 58233.333330 151960
1752 58400.000000 215400
1749 58300.000000 168
1750 58333.333330 138512
1751 58366.666670 138280
1756 58533.333330 220824
1753 58433.333330 101112
1754 58466.666670 109736
1755 58500.000000 109736
1760 58666.666670 411752
1757 58566.666670 127728
1758 58600.000000 131208
1759 58633.333330 104016
1764 58800.000000 167144
1761 58700.000000 192
1762 58733.333330 95248
1763 58766.666670 192
1768 58933.333330 283712
1765 58833.333330 121456
1766 58866.666670 118728
1767 58900.000000 119496
1772 59066.666670 211136
1769 58966.666670 121744
1770 59000.000000 121744
1771 59033.333330 106936
1776 59200.000000 432008
1773 59100.000000 103424
1774 59133.333330 101496
1775 59166.666670 160
1780 59333.333330 205736
1777 59233.333330 109144
1778 59266.666670 124080
1779 59300.000000 124080
1784 59466.666670 227264
1781 59366.666670 104816
1782 59400.000000 89168
1783 59433.333330 95008
1788 59600.000000 231336
1785 59500.000000 168
1786 59533.333330 112984
1787 59566.666670 115392
1792 59733.333330 429592
1789 59633.333330 114856
1790 59666.666670 105920
1791 59700.000000 105920
1796 59866.666670 216984
1793 59766.666670 104128
1794 59800.000000 104128
1795 59833.333330 113608
1800 60000.000000 198288
1797 59900.000000 103816
1798 59933.333330 88792
1799 59966.666670 176
1804 60133.333330 203728
1801 60033.333330 103984
1802 60066.666670 102888
1803 60100.000000 103296
1808 60266.666670 427496
1805 60166.666670 123056
1806 60200.000000 123056
1807 60233.333330 134912
1812 60400.000000 218712
1809 60300.000000 160
1810 60333.333330 104056
1811 60366.666670 104472
1816 60533.333330 190344
1813 60433.333330 89232
1814 60466.666670 90672
1815 60500.000000 90672
1820 60666.666670 219528
1817 60566.666670 110312
1818 60600.000000 106200
1819 60633.333330 104352
1824 60800.000000 424544
1821 60700.000000 176
1822 60733.333330 102880
1823 60766.666670 160
1828 60933.333330 220544
1825 60833.333330 116192
1826 60866.666670 107520
1827 60900.000000 89896
1832 61066.666670 207168
1829 60966.666670 99672
1830 61000.000000 99672
1831 61033.333330 96456
1836 61200.000000 188096
1833 61100.000000 105584
1834 61133.333330 103544
1835 61166.666670 168
1840 61333.333330 424536
1837 61233.333330 88176
1838 61266.666670 103640
1839 61300.000000 103640
1844 61466.666670 206544
1841 61366.666670 97160
1842 61400.000000 83400
1843 61433.333330 100536
1848 61600.000000 192352
1845 61500.000000 192
1846 61533.333330 88272
1847 61566.666670 82336
1852 61733.333330 193168
1849 61633.333330 111696
1850 61666.666670 103560
1851 61700.000000 103560
1856 61866.666670 421432
1853 61766.666670 77024
1854 61800.000000 77024
1855 61833.333330 79680
1860 62000.000000 194320
1857 61900.000000 103960
1858 61933.333330 80664
1859 61966.666670 176
1864 62133.333330 207632
1861 62033.333330 93976
1862 62066.666670 88104
1863 62100.000000 100184
1868 62266.666670 187920
1865 62166.666670 86096
1866 62200.000000 86096
1867 62233.333330 89592
1872 62400.000000 411672
1869 62300.000000 168
1870 62333.333330 127256
1871 62366.666670 91720
1876 62533.333330 185400
1873 62433.333330 99728
1874 62466.666670 85944
1875 62500.000000 85944
1880 62666.666670 192104
1877 62566.666670 99216
1878 62600.000000 128280
1879 62633.333330 115032
1884 62800.000000 181304
1881 62700.000000 168
1882 62733.333330 93472
1883 62766.666670 176
1888 62933.333330 415488
1885 62833.333330 76312
1886 62866.666670 92040
1887 62900.000000 87144
1892 63066.666670 171720
1889 62966.666670 75424
1890 63000.000000 75424
1891 63033.333330 78832
1896 63200.000000 174768
1893 63100.000000 109576
1894 63133.333330 108696
1895 63166.666670 160
1900 63333.333330 185592
1897 63233.333330 77432
1898 63266.666670 91344
1899 63300.000000 91344
1904 63466.666670 418048
1901 63366.666670 77424
1902 63400.000000 88200
1903 63433.333330 82240
1908 63600.000000 167160
1905 63500.000000 160
1906 63533.333330 73168
1907 63566.666670 81616
1912 63733.333330 159472
1909 63633.333330 82712
1910 63666.666670 75920
1911 63700.000000 75920
1916 63866.666670 180440
1913 63766.666670 69224
1914 63800.000000 69224
1915 63833.333330 73520
1920 64000.000000 391840
1917 63900.000000 78616
1918 63933.333330 38888
1919 63966.666670 200
1924 64133.333330 149696
1921 64033.333330 45424
1922 64066.666670 50848
1923 64100.000000 54688
1928 64266.666670 136312
1925 64166.666670 36592
1926 64200.000000 36592
1927 64233.333330 59320
1932 64400.000000 136504
1929 64300.000000 160
1930 64333.333330 60920
1931 64366.666670 47408
1936 64533.333330 395352
1933 64433.333330 49464
1934 64466.666670 38376
1935 64500.000000 38376
1940 64666.666670 131656
1937 64566.666670 61960
1938 64600.000000 54904
1939 64633.333330 51656
1944 64800.000000 111584
1941 64700.000000 200
1942 64733.333330 66256
1943 64766.666670 328
1948 64933.333330 173656
1945 64833.333330 52464
1946 64866.666670 56504
1947 64900.000000 55864
1952 65066.666670 389440
1949 64966.666670 70096
1950 65000.000000 70096
1951 65033.333330 50600
1956 65200.000000 150376
1953 65100.000000 69064
1954 65133.333330 76200
1955 65166.666670 176
1960 65333.333330 165696
1957 65233.333330 75720
1958 65266.666670 75776
1959 65300.000000 75776
1964 65466.666670 182728
1961 65366.666670 73800
1962 65400.000000 70136
1963 65433.333330 79704
1968 65600.000000 383592
1965 65500.000000 160
1966 65533.333330 87112
1967 65566.666670 87408
1972 65733.333330 163616
1969 65633.333330 82048
1970 65666.666670 80400
1971 65700.000000 80400
1976 65866.666670 166368
1973 65766.666670 85728
1974 65800.000000 85728
1975 65833.333330 80048
1980 66000.000000 167416
1977 65900.000000 73720
1978 65933.333330 83432
1979 65966.666670 176
1984 66133.333330 380008
1981 66033.333330 76280
1982 66066.666670 84288
1983 66100.000000 84000
1988 66266.666670 173912
1985 66166.666670 68032
1986 66200.000000 68032
1987 66233.333330 95552
1992 66400.000000 172304
1989 66300.000000 200
1990 66333.333330 97848
1991 66366.666670 82024
1996 66533.333330 171144
1993 66433.333330 74112
1994 66466.666670 77064
1995 66500.000000 77064
2000 66666.666670 376856
1997 66566.666670 78200
1998 66600.000000 89096
